store_id,AOV,avg_num_item_sold,sum_sales,sum_items
1,308.82,1.95,13588,86
2,174.33,1.85,9588,102
3,305.25,2.06,14652,99
4,258.51,2.02,13184,103
5,290.31,2.04,13064,92
6,383.51,2.05,22627,121
7,218.0,1.95,12208,109
8,241.04,1.83,11088,84
9,234.0,1.98,13806,117
10,332.3,2.25,17612,119
11,356.73,1.94,17480,95
12,352.7,1.75,18693,93
13,345.4,2.16,21760,136
14,242.0,2.09,14036,121
15,308.94,2.02,16065,105
16,270.15,1.73,11076,71
17,332.08,1.89,17600,100
18,342.59,2.2,17472,112
19,320.91,1.97,20538,126
20,251.56,1.98,13081,103
21,308.7,2.17,14200,100
22,273.75,1.88,13140,90
23,317.67,2.04,17472,112
24,320.73,2.29,17640,126
25,232.92,1.79,11180,86
26,341.22,1.94,16720,95
27,334.87,1.98,18083,107
28,320.37,1.95,13776,84
29,331.62,2.03,19234,118
30,295.07,1.93,16524,108
31,268.98,2.09,12642,98
32,189.98,1.88,7979,79
33,376.28,2.17,15051,87
34,234.24,1.92,11712,96
35,328.0,2.0,17056,104
36,254.8,1.96,12740,98
37,340.21,2.4,16330,115
38,390.86,2.06,13680,72
39,268.0,2.0,10988,82
40,295.17,1.83,14168,88
41,254.0,2.15,14986,127
42,235101.49,667.9,11990176,34063
43,333.91,1.84,19367,107
44,262.15,1.82,10224,71
45,269.31,1.9,15620,110
46,347.44,2.09,14940,90
47,259.15,1.79,12180,84
48,242.78,2.08,9711,83
49,279.91,2.17,14835,115
50,403.55,2.09,17756,92
51,361.8,1.93,16643,89
52,316.93,2.17,12994,89
53,214.12,1.91,14560,130
54,276.64,2.08,13832,104
55,327.75,1.92,15732,92
56,218.19,1.86,8073,69
57,296.77,2.02,15729,107
58,254.95,1.85,15042,109
59,358.97,2.02,21538,121
60,350.23,1.98,16461,93
61,344.44,2.18,17222,109
62,308.84,1.93,13280,83
63,264.97,1.95,15368,113
64,272.19,2.05,11704,88
65,330.81,2.15,17864,116
66,312.89,1.94,16583,103
67,272.62,2.08,10087,77
68,254.64,1.87,11968,88
69,264.18,2.02,15851,121
70,343.07,1.98,20241,117
71,323.03,1.97,21320,130
72,309.57,1.93,14240,89
73,335.69,2.03,19470,118
74,306.0,2.0,11628,76
75,240.76,1.88,10112,79
76,321.07,2.07,13485,87
77,280.8,1.8,14040,90
78,49213.04,1.91,2263800,88
79,328.48,1.81,17738,98
80,299.67,2.07,13485,93
81,384.0,2.17,22656,128
82,349.79,1.98,14691,83
83,248.79,1.93,10449,81
84,342.31,2.24,20196,132
85,329.26,1.91,11524,67
86,277.5,2.13,14430,111
87,292.27,1.96,15198,102
88,355.52,2.02,17776,101
89,379.15,1.93,23128,118
90,403.22,2.27,19758,111
91,325.93,2.04,17600,110
92,162.86,1.81,6840,76
93,214.47,1.88,12654,111
94,297.78,2.22,13400,100
95,318.77,1.9,12432,74
96,330.0,2.16,16830,110
97,324.0,2.0,15552,96
98,245.36,1.84,14231,107
99,339.44,1.74,18330,94
100,213.68,1.92,8547,77
